
time: 14:19:35.970708 count:3 size: 1M load: 1.17 1.22 1.24 3/623 5303

time: 14:19:36.188249 count:3 size: 1M load: 1.17 1.22 1.24 2/629 5333

time: 14:19:36.208809 count:3 size: 1M load: 1.17 1.22 1.24 3/629 5338